2020-07-29 10:51:58	-69.2	
2020-07-29 10:51:59	-69.4	
2020-07-29 10:52:00	-69.1	
2020-07-29 10:52:01	-69.7	
2020-07-29 10:52:02	-69.9	-69.8	-69.7	-69.8	-69.1	
2020-07-29 10:52:03	-69.0	-68.8	-68.9	-69.2	-68.8	
2020-07-29 10:52:04	-68.6	-68.7	-69.2	-69.6	-69.0	
2020-07-29 10:52:05	-69.2	-69.1	-68.9	-68.8	-68.9	-68.7	-68.4	-68.2	-68.1	-68.1	-68.3	-68.8	-69.2	-68.9	-68.4	-68.2	-68.1	-68.0	-67.9	-68.1	-68.6	-69.0	-69.2	-69.2	-69.1	-69.0	-69.0	-69.1	-69.2	-69.1	-68.8	-68.6	-68.7	-68.9	-68.5	-67.9	-67.8	-68.2	-68.9	-69.3	-69.0	-68.7	-68.7	-68.4	-68.1	-68.0	-68.2	-68.7	-69.1	-69.1	-69.0	-68.9	-68.6	-68.5	-68.5	-68.4	-68.4	-68.5	-68.8	-68.9	-68.8	-68.8	-69.0	-69.1	-69.0	-68.7	-68.6	-68.7	-68.8	-68.8	-68.5	-68.4	-68.6	-69.1	-69.4	-69.5	-69.6	-69.7	-69.6	-69.4	-69.0	-68.8	-68.8	-68.9	-69.0	-69.1	-69.4	-69.6	-69.3	-69.1	-69.1	-69.3	-69.2	-68.8	-68.3	-68.2	-68.4	-68.7	-68.9	-69.2	-69.5	-69.6	-69.4	-68.9	-68.7	-68.7	-68.7	-68.8	-68.9	-69.1	-69.3	-69.4	-69.4	-69.3	-69.2	-69.1	-68.9	-68.6	-68.5	-68.6	-68.7	-68.8	-69.0	-69.2	-69.3	-69.2	-69.2	-69.2	-69.2	-69.1	-69.1	-69.2	-69.2	-69.3	-69.3	-69.3	-69.4	-69.5	-69.5	-69.4	-69.2	-69.2	-69.3	-69.5	-69.7	-69.6	-69.4	-69.2	-69.0	-68.8	-68.6	-68.7	-68.9	-69.2	-69.5	-69.8	-69.9	-69.8	-69.5	-70.8	
2020-07-29 10:52:06	-70.7	-70.3	-70.1	-70.1	-70.3	-70.5	-70.4	-70.2	-70.0	-70.1	-70.2	-70.3	-70.3	-70.1	-70.4	-70.8	-70.9	-70.6	-70.4	-70.4	-70.1	-69.7	-69.7	-69.9	-70.0	-70.2	-70.3	-70.3	-70.1	-70.1	-70.2	-70.2	-70.2	-70.3	-70.0	-69.3	-69.1	-69.7	-70.6	-71.0	-70.9	-70.5	-70.0	-69.9	-70.3	-70.6	-70.5	-70.3	-70.3	-70.4	-70.5	-70.8	-71.2	-71.2	-70.7	-70.2	-69.9	-69.8	-69.8	-69.9	-69.8	-69.8	-70.1	-70.5	-70.7	-70.6	-70.2	-69.7	-69.2	-69.1	-69.6	-70.2	-70.5	-70.5	-70.3	-70.0	-70.0	-70.1	-69.9	-69.4	-69.3	-69.5	-69.8	-70.3	-70.6	-70.5	-70.2	-70.0	-70.1	-70.4	-70.6	-70.7	-71.0	-71.3	-71.0	-70.4	-70.1	-70.1	-70.3	-70.8	-71.4	-71.5	-71.3	-70.7	-70.2	-69.7	-69.5	-69.7	-70.1	-70.4	-70.7	-70.8	-70.7	-70.6	-70.7	-71.1	-71.4	-71.4	-71.0	-70.6	-70.4	-70.4	-70.2	-69.9	-69.6	-69.6	-69.9	-70.4	-70.9	-71.0	-70.8	-70.6	-70.6	-70.6	-70.7	-70.7	-70.6	-70.6	-70.8	-70.8	-70.7	-70.5	-70.5	-70.6	-70.7	-70.5	-70.5	-70.9	-71.3	-71.5	-71.3	-71.0	-70.7	-70.6	-70.8	-71.2	-71.4	-71.5	-71.5	-69.0	
2020-07-29 10:52:07	-68.7	-68.6	-68.5	-68.6	-68.7	-68.9	-69.2	-69.4	-69.5	-69.7	-69.9	-70.2	-70.4	-70.3	-70.1	-70.1	-70.1	-70.0	-70.0	-70.1	-70.2	-70.2	-69.9	-69.6	-69.4	-69.1	-68.9	-68.9	-68.8	-69.0	-69.6	-69.9	-69.5	-69.3	-69.3	-69.2	-69.1	-69.2	-69.6	-70.2	-70.4	-70.0	-69.5	-69.3	-69.2	-69.1	-68.9	-68.8	-69.0	-69.4	-69.7	-69.7	-69.8	-70.0	-69.9	-69.4	-68.9	-68.7	-68.6	-68.4	-68.6	-68.9	-69.1	-69.1	-69.0	-69.0	-68.9	-68.7	-68.7	-68.9	-68.8	-68.6	-68.6	-68.7	-68.9	-68.9	-68.8	-68.8	-68.9	-69.0	-69.1	-69.0	-68.8	-68.8	-69.2	-69.4	-69.2	-69.3	-69.8	-69.9	-69.7	-69.6	-69.5	-69.0	-68.7	-68.6	-68.6	-68.8	-68.9	-68.6	-68.4	-68.5	-68.6	-68.9	-69.0	-69.0	-69.0	-68.9	-68.8	-68.7	-68.6	-68.6	-68.8	-68.9	-69.0	-69.0	-68.9	-68.9	-68.9	-68.8	-68.8	-69.0	-69.2	-69.2	-69.0	-68.6	-68.4	-68.5	-68.7	-68.8	-68.6	-68.4	-68.4	-68.7	-69.3	-69.7	-69.5	-69.0	-68.7	-68.8	-69.1	-69.3	-69.3	-69.3	-69.4	-69.5	-69.6	-69.5	-69.2	-69.0	-69.0	-69.1	-69.2	-69.1	-68.9	-68.9	-69.0	-69.3	-69.7	-69.8	
2020-07-29 10:52:08	-68.9	
2020-07-29 10:52:09	-68.1	
